# 
# name: B
# type: matrix
# rows: 11
# columns: 3
 1.0 0.000000 1.0000
 1.5 0.405465 0.6667
 2.0 0.693147 0.5000
 2.5 0.916291 0.4000
 3.0 1.098612 0.3333
 3.5 1.252763 0.2857
 4.0 1.386294 0.2500
 4.5 1.504077 0.2222
 5.0 1.609438 0.2000
 5.5 1.704748 0.1818
 3.1 0.000000 0.0000