# 
# name: B
# type: matrix
# rows: 6
# columns: 3
 1.0 0.000000 1.0000
 2.0 0.693147 0.5000
 3.0 1.098612 0.3333
 4.0 1.386294 0.2500
 5.0 1.609438 0.2000
 6.0 0.000000 0.0000