# 
# name: B
# type: matrix
# rows: 4
# columns: 3
 1.0 0.000000 1.0000
 3.0 1.098612 0.3333
 5.0 1.609438 0.2000
 3.1 0.000000 0.0000