# Created by Octave 4.0.0, Thu Mar 17 13:23:26 2016 Hora oficial do Brasil <unknown@ASUS>
# name: C
# type: matrix
# rows: 2
# columns: 3
 7 2 1
 2 7 1
