# 
# name: B
# type: matrix
# rows: 17
# columns: 3
60.3 108 234
61.1 109 259
60.2 110 258
61.2 112 285
63.2 112 329
63.6 113 347
65.0 115 365
63.8 116 363
66.0 117 396
67.9 119 419
68.2 120 443
66.5 122 445
68.7 123 483
69.6 125 503
69.3 128 518
70.6 130 555
1
