# 
# name: B
# type: matrix
# rows: 6
# columns: 2
0.3 1.8
2.7 1.9
4.5 3.1
5.9 3.9
7.8 3.3
1