# 
# name: B
# type: matrix
# rows: 9
# columns: 2
1.2 6.8
2.5 6.1
3.0 9.9
4.1 9.7
6.2 12.1
7.1 17.9
8.8 18.0
9.5 21.5
1