# 
# name: B
# type: matrix
# rows: 6
# columns: 2
0.0 0.1839
0.4 0.1817
0.8 0.2105
1.2 0.2751
1.6 0.3837
2.0 0.5360