# 
# name: B
# type: matrix
# rows: 7
# columns: 2
0.0 0.0000
0.5 0.3398
1.0 0.8210
1.5 1.8830
2.0 4.3679
2.5 10.3065
3.0 24.6997
