# 
# name: F
# type: matrix
# rows: 7
# columns: 2
1.0 1.0744
1.5 1.7433
2.0 2.3884
2.5 2.9578
3.0 3.4529
3.5 3.8860
4.0 4.2691
