# 4 0.0719 0.486 0.0095
# name: G
# type: matrix
# rows: 1
# columns: 4
5 0.0921 0.486 0.0095
