# 5 0.0921 0.486 0.0095 | 4 0.0719 0.486 0.0095 | 3 0.0516 0.486 0.0095 | 2 0.0312 0.486 0.0095 | 1 0.0109 0.486 0.0095
# name: G
# type: matrix
# rows: 1
# columns: 4
5 0.0921 0.486 0.0095