# 5 0.0921 0.486 -2 0.0095
# name: G
# type: matrix
# rows: 1
# columns: 4
0.999993 3 100000
