#
# name: G
# type: matrix
# rows: 1
# columns: 4
0.999993 4 10000
