#
# name: I
# type: matrix
# rows: 7
# columns: 3
0.000000  0.000000  0.000000
0.261799  0.130900  0.382683
0.523599  0.261799  0.707107
0.785398  0.392699  0.923880
1.047198  0.523599  1.000000
1.308997  0.654498  0.923880
1.570796  0.785398  0.707107
