# Created by Octave 4.0.0, Thu Mar 17 13:23:26 2016 Hora oficial do Brasil <unknown@ASUS>
# name: C
# type: matrix
# rows: 3
# columns: 3
 3 0 1
 0 2 2
 1 2 5


