# Created by Octave 4.0.0, Thu Mar 03 21:35:00 2016 Hora oficial do Brasil <unknown@ASUS>
# name: S
# type: matrix
# rows: 4
# columns: 5
5 2 0 -1 6
1 8 -3 2 10
0 1 6 1 -5
1 -1 2 9 0
