# Created by Octave 4.0.0, Thu Mar 03 21:35:00 2016 Hora oficial do Brasil <unknown@ASUS>
# name: S
# type: matrix
# rows: 3
# columns: 4
 25  15  -5  34
15  18   0   45
-5   0  11   66
