# Created by Octave 4.0.0, Thu Mar 03 21:35:00 2016 Hora oficial do Brasil <unknown@ASUS>
# name: S
# type: matrix
# rows: 3
# columns: 4
10 3 -2 57
2 8 -1 20
1 1 5 -4 